Shared weights:
Next map 0:
Prev map 0:
0.010697039543931412
0.010697039543931412
0.010697039543931412
0.010697039543931412
0.0241030768836574
0.0241030768836574
0.0241030768836574
0.0241030768836574
0.0037989721538095925
0.0037989721538095925
0.0037989721538095925
0.0037989721538095925
0.05496698184437307
0.05496698184437307
0.05496698184437307
0.05496698184437307
0.03694609697430518
0.03694609697430518
0.03694609697430518
0.03694609697430518
Next map 1:
Prev map 0:
-0.008604280512662208
-0.008604280512662208
-0.008604280512662208
-0.008604280512662208
-0.008615381378903574
-0.008615381378903574
-0.008615381378903574
-0.008615381378903574
-0.04176445287957692
-0.04176445287957692
-0.04176445287957692
-0.04176445287957692
-0.006345343545810251
-0.006345343545810251
-0.006345343545810251
-0.006345343545810251
-0.015569489156135955
-0.015569489156135955
-0.015569489156135955
-0.015569489156135955
Next map 2:
Prev map 0:
-0.007573642771231428
-0.007573642771231428
-0.007573642771231428
-0.007573642771231428
-0.02640776279620664
-0.02640776279620664
-0.02640776279620664
-0.02640776279620664
-0.004514385401342874
-0.004514385401342874
-0.004514385401342874
-0.004514385401342874
-0.03779044375228868
-0.03779044375228868
-0.03779044375228868
-0.03779044375228868
-0.0205318653288875
-0.0205318653288875
-0.0205318653288875
-0.0205318653288875
Next map 3:
Prev map 0:
-0.03833640921336434
-0.03833640921336434
-0.03833640921336434
-0.03833640921336434
-0.11872835370821827
-0.11872835370821827
-0.11872835370821827
-0.11872835370821827
-0.024742799050015675
-0.024742799050015675
-0.024742799050015675
-0.024742799050015675
-0.031047589960517874
-0.031047589960517874
-0.031047589960517874
-0.031047589960517874
-0.10193954326491156
-0.10193954326491156
-0.10193954326491156
-0.10193954326491156
Next map 4:
Prev map 0:
0.005459513541152178
0.005459513541152178
0.005459513541152178
0.005459513541152178
0.020144473347155
0.020144473347155
0.020144473347155
0.020144473347155
0.046529231108772356
0.046529231108772356
0.046529231108772356
0.046529231108772356
0.010363464648149755
0.010363464648149755
0.010363464648149755
0.010363464648149755
0.0033707875558420266
0.0033707875558420266
0.0033707875558420266
0.0033707875558420266
Next map 5:
Prev map 0:
0.012750544343062288
0.012750544343062288
0.012750544343062288
0.012750544343062288
-0.001755671698704541
-0.001755671698704541
-0.001755671698704541
-0.001755671698704541
0.015658147296369756
0.015658147296369756
0.015658147296369756
0.015658147296369756
-2.827315576440807E-4
-2.827315576440807E-4
-2.827315576440807E-4
-2.827315576440807E-4
-1.5720830211847763E-4
-1.5720830211847763E-4
-1.5720830211847763E-4
-1.5720830211847763E-4
Next map 6:
Prev map 0:
0.04996979667843754
0.04996979667843754
0.04996979667843754
0.04996979667843754
0.07182378944644315
0.07182378944644315
0.07182378944644315
0.07182378944644315
0.02885036494034014
0.02885036494034014
0.02885036494034014
0.02885036494034014
0.03830831418613163
0.03830831418613163
0.03830831418613163
0.03830831418613163
0.006844172616495969
0.006844172616495969
0.006844172616495969
0.006844172616495969
Next map 7:
Prev map 0:
-0.0028369270001184013
-0.0028369270001184013
-0.0028369270001184013
-0.0028369270001184013
0.013114547244323465
0.013114547244323465
0.013114547244323465
0.013114547244323465
0.001355346146258981
0.001355346146258981
0.001355346146258981
0.001355346146258981
-6.278873859425673E-4
-6.278873859425673E-4
-6.278873859425673E-4
-6.278873859425673E-4
0.012733779488980895
0.012733779488980895
0.012733779488980895
0.012733779488980895
Next map 8:
Prev map 0:
-0.010306379882939112
-0.010306379882939112
-0.010306379882939112
-0.010306379882939112
-0.011468282317410986
-0.011468282317410986
-0.011468282317410986
-0.011468282317410986
-0.017311639152586274
-0.017311639152586274
-0.017311639152586274
-0.017311639152586274
7.857307807956613E-4
7.857307807956613E-4
7.857307807956613E-4
7.857307807956613E-4
-0.0029336908186915946
-0.0029336908186915946
-0.0029336908186915946
-0.0029336908186915946
Next map 9:
Prev map 0:
0.013834082116824693
0.013834082116824693
0.013834082116824693
0.013834082116824693
0.0028455712248279265
0.0028455712248279265
0.0028455712248279265
0.0028455712248279265
-0.012194614637467743
-0.012194614637467743
-0.012194614637467743
-0.012194614637467743
-0.008543168511484091
-0.008543168511484091
-0.008543168511484091
-0.008543168511484091
-0.023577046892578408
-0.023577046892578408
-0.023577046892578408
-0.023577046892578408
Next map 10:
Prev map 0:
8.455337585517638E-4
8.455337585517638E-4
8.455337585517638E-4
8.455337585517638E-4
8.07842141073037E-5
8.07842141073037E-5
8.07842141073037E-5
8.07842141073037E-5
0.012268197495336551
0.012268197495336551
0.012268197495336551
0.012268197495336551
-0.0018685284656589926
-0.0018685284656589926
-0.0018685284656589926
-0.0018685284656589926
-0.0017168660091715054
-0.0017168660091715054
-0.0017168660091715054
-0.0017168660091715054
Next map 11:
Prev map 0:
0.0028426318243058545
0.0028426318243058545
0.0028426318243058545
0.0028426318243058545
0.01711906783432317
0.01711906783432317
0.01711906783432317
0.01711906783432317
0.012677163164485047
0.012677163164485047
0.012677163164485047
0.012677163164485047
0.0010614527438177373
0.0010614527438177373
0.0010614527438177373
0.0010614527438177373
0.00229156952402736
0.00229156952402736
0.00229156952402736
0.00229156952402736
Next map 12:
Prev map 0:
0.009892260704345535
0.009892260704345535
0.009892260704345535
0.009892260704345535
-0.005585842894668789
-0.005585842894668789
-0.005585842894668789
-0.005585842894668789
0.02266661904817776
0.02266661904817776
0.02266661904817776
0.02266661904817776
0.007939039429439925
0.007939039429439925
0.007939039429439925
0.007939039429439925
0.02466141870915251
0.02466141870915251
0.02466141870915251
0.02466141870915251
Next map 13:
Prev map 0:
0.005473293131525021
0.005473293131525021
0.005473293131525021
0.005473293131525021
0.010882123295193235
0.010882123295193235
0.010882123295193235
0.010882123295193235
-0.010306344626185305
-0.010306344626185305
-0.010306344626185305
-0.010306344626185305
-0.0012539467501200005
-0.0012539467501200005
-0.0012539467501200005
-0.0012539467501200005
0.027988688437473583
0.027988688437473583
0.027988688437473583
0.027988688437473583
Next map 14:
Prev map 0:
0.002283697817301299
0.002283697817301299
0.002283697817301299
0.002283697817301299
0.005918734385137925
0.005918734385137925
0.005918734385137925
0.005918734385137925
0.04460683435518949
0.04460683435518949
0.04460683435518949
0.04460683435518949
0.00975561375262223
0.00975561375262223
0.00975561375262223
0.00975561375262223
0.004889600420754161
0.004889600420754161
0.004889600420754161
0.004889600420754161
Next map 15:
Prev map 0:
0.002539343509826139
0.002539343509826139
0.002539343509826139
0.002539343509826139
-0.042372930925699555
-0.042372930925699555
-0.042372930925699555
-0.042372930925699555
-0.005950445649020421
-0.005950445649020421
-0.005950445649020421
-0.005950445649020421
-0.031126990535500495
-0.031126990535500495
-0.031126990535500495
-0.031126990535500495
-0.013826966355821264
-0.013826966355821264
-0.013826966355821264
-0.013826966355821264
Next map 16:
Prev map 0:
-0.03599116252078357
-0.03599116252078357
-0.03599116252078357
-0.03599116252078357
-0.047081718672837086
-0.047081718672837086
-0.047081718672837086
-0.047081718672837086
-0.0013376034648907482
-0.0013376034648907482
-0.0013376034648907482
-0.0013376034648907482
-0.023919679962114034
-0.023919679962114034
-0.023919679962114034
-0.023919679962114034
-0.009790564539450177
-0.009790564539450177
-0.009790564539450177
-0.009790564539450177
Next map 17:
Prev map 0:
0.02674053659267371
0.02674053659267371
0.02674053659267371
0.02674053659267371
0.01041105108955791
0.01041105108955791
0.01041105108955791
0.01041105108955791
-0.004159853093145746
-0.004159853093145746
-0.004159853093145746
-0.004159853093145746
0.036599512876264687
0.036599512876264687
0.036599512876264687
0.036599512876264687
0.012221551957593389
0.012221551957593389
0.012221551957593389
0.012221551957593389
Next map 18:
Prev map 0:
0.014705820853601923
0.014705820853601923
0.014705820853601923
0.014705820853601923
0.011662321727194218
0.011662321727194218
0.011662321727194218
0.011662321727194218
0.008292083183214522
0.008292083183214522
0.008292083183214522
0.008292083183214522
-0.015375693294718357
-0.015375693294718357
-0.015375693294718357
-0.015375693294718357
0.005620679156730927
0.005620679156730927
0.005620679156730927
0.005620679156730927
Next map 19:
Prev map 0:
-0.013793124285407427
-0.013793124285407427
-0.013793124285407427
-0.013793124285407427
0.007011393986730429
0.007011393986730429
0.007011393986730429
0.007011393986730429
-0.004247157303000746
-0.004247157303000746
-0.004247157303000746
-0.004247157303000746
-0.031386425784347693
-0.031386425784347693
-0.031386425784347693
-0.031386425784347693
0.0074598011960552366
0.0074598011960552366
0.0074598011960552366
0.0074598011960552366
Next map 20:
Prev map 0:
0.04397023675605775
0.04397023675605775
0.04397023675605775
0.04397023675605775
0.02775542887332395
0.02775542887332395
0.02775542887332395
0.02775542887332395
0.0033912495723448476
0.0033912495723448476
0.0033912495723448476
0.0033912495723448476
0.024785900141243652
0.024785900141243652
0.024785900141243652
0.024785900141243652
0.0027240716217108263
0.0027240716217108263
0.0027240716217108263
0.0027240716217108263

Shared biases:
0.06694345605357128
-0.04033400605849774
-0.04752486343339692
-0.14519353013487135
0.08042066459996598
0.013280200010818288
0.08310555280730686
0.033811996738984176
-0.04232053208988268
-0.015205489517308126
0.011121899262338112
-0.01659905905684911
0.033784136873349545
0.019467652886770985
0.04923033811583262
-0.09719829471292657
-0.11645622056539343
0.09145623877024198
-0.011324568863828509
-0.09208579766239064
0.05722505582308775
