1,21,21,36,36,52,52,74,74,93,93,7
0,0,0,0,0,0,0,0,0,0,0,0
1,5,1,5,1,5,1,5,1,5,1,0
4,1,1,1,1,1,1,1,1,1,1,0
5,5,5,5,5,5,5,5,5,5,2,0
0,0,0,0,0,0,0,0,0,0,0,0
2,0,2,0,2,0,2,0,2,0,0,0
4,1,1,1,1,1,1,1,1,1,1,1
6254,6250,1254,1250,254,250,54,50,14,10,2,1
0.0,0.31622776601683794,0.0,0.13801311186847084,0.0,0.10540925533894598,0.0,0.08770580193070292,0.0,0.07352146220938077,0.0,0.07332355751067665
-,g,-,g,-,g,-,g,-,g,-,r
c,c,c,c,c,c,c,c,c,c,c,c
-,LReLU,Max_Pool,LReLU,Max_Pool,LReLU,Max_Pool,LReLU,Max_Pool,LReLU,Max_Pool,Softmax
40
100
344000
86
Adam
2.5E-4
0.9
0.999
1.0E-8
