Shared weights:
Next map 0:
Prev map 0:
0.009335766027462184
0.009335766027462184
0.009335766027462184
0.009335766027462184
0.027720937543692082
0.027720937543692082
0.027720937543692082
0.027720937543692082
0.002114890880190968
0.002114890880190968
0.002114890880190968
0.002114890880190968
0.014384936862718242
0.014384936862718242
0.014384936862718242
0.014384936862718242
0.01525607078020867
0.01525607078020867
0.01525607078020867
0.01525607078020867
Next map 1:
Prev map 0:
0.001269109692601303
0.001269109692601303
0.001269109692601303
0.001269109692601303
0.001604867764525967
0.001604867764525967
0.001604867764525967
0.001604867764525967
0.018471927664472917
0.018471927664472917
0.018471927664472917
0.018471927664472917
0.0029098159747123244
0.0029098159747123244
0.0029098159747123244
0.0029098159747123244
0.0038473106143768715
0.0038473106143768715
0.0038473106143768715
0.0038473106143768715
Next map 2:
Prev map 0:
6.71281016307293E-4
6.71281016307293E-4
6.71281016307293E-4
6.71281016307293E-4
0.002992256845861148
0.002992256845861148
0.002992256845861148
0.002992256845861148
2.8539065780895764E-4
2.8539065780895764E-4
2.8539065780895764E-4
2.8539065780895764E-4
0.004951027499070641
0.004951027499070641
0.004951027499070641
0.004951027499070641
0.005188660971207531
0.005188660971207531
0.005188660971207531
0.005188660971207531
Next map 3:
Prev map 0:
0.012255048089193837
0.012255048089193837
0.012255048089193837
0.012255048089193837
0.116919123772313
0.116919123772313
0.116919123772313
0.116919123772313
0.002710281541941749
0.002710281541941749
0.002710281541941749
0.002710281541941749
0.02503011255338824
0.02503011255338824
0.02503011255338824
0.02503011255338824
0.07510887628455092
0.07510887628455092
0.07510887628455092
0.07510887628455092
Next map 4:
Prev map 0:
2.934771213051942E-4
2.934771213051942E-4
2.934771213051942E-4
2.934771213051942E-4
0.0035326228685932356
0.0035326228685932356
0.0035326228685932356
0.0035326228685932356
0.016868692662862984
0.016868692662862984
0.016868692662862984
0.016868692662862984
0.0012357404128893257
0.0012357404128893257
0.0012357404128893257
0.0012357404128893257
4.7815804016708526E-5
4.7815804016708526E-5
4.7815804016708526E-5
4.7815804016708526E-5
Next map 5:
Prev map 0:
0.002491698520554786
0.002491698520554786
0.002491698520554786
0.002491698520554786
8.420292332343846E-4
8.420292332343846E-4
8.420292332343846E-4
8.420292332343846E-4
0.005294611093084853
0.005294611093084853
0.005294611093084853
0.005294611093084853
0.004540050555100323
0.004540050555100323
0.004540050555100323
0.004540050555100323
0.0027380267446149463
0.0027380267446149463
0.0027380267446149463
0.0027380267446149463
Next map 6:
Prev map 0:
0.006797121404013101
0.006797121404013101
0.006797121404013101
0.006797121404013101
0.04657963421923734
0.04657963421923734
0.04657963421923734
0.04657963421923734
0.004564827908691254
0.004564827908691254
0.004564827908691254
0.004564827908691254
0.006900798980808315
0.006900798980808315
0.006900798980808315
0.006900798980808315
0.0014309204795433484
0.0014309204795433484
0.0014309204795433484
0.0014309204795433484
Next map 7:
Prev map 0:
0.004556889832599325
0.004556889832599325
0.004556889832599325
0.004556889832599325
0.003305453020061736
0.003305453020061736
0.003305453020061736
0.003305453020061736
0.0017295329920935644
0.0017295329920935644
0.0017295329920935644
0.0017295329920935644
1.0748406028692576E-4
1.0748406028692576E-4
1.0748406028692576E-4
1.0748406028692576E-4
0.0028379102808558884
0.0028379102808558884
0.0028379102808558884
0.0028379102808558884
Next map 8:
Prev map 0:
0.0031500292335749696
0.0031500292335749696
0.0031500292335749696
0.0031500292335749696
0.023715625060810284
0.023715625060810284
0.023715625060810284
0.023715625060810284
0.006341688647206266
0.006341688647206266
0.006341688647206266
0.006341688647206266
0.019474359566916975
0.019474359566916975
0.019474359566916975
0.019474359566916975
0.007783557936062418
0.007783557936062418
0.007783557936062418
0.007783557936062418
Next map 9:
Prev map 0:
0.005071106416593717
0.005071106416593717
0.005071106416593717
0.005071106416593717
0.0034517836014255616
0.0034517836014255616
0.0034517836014255616
0.0034517836014255616
0.0017119060755292543
0.0017119060755292543
0.0017119060755292543
0.0017119060755292543
0.009519660776079686
0.009519660776079686
0.009519660776079686
0.009519660776079686
0.03013805547524533
0.03013805547524533
0.03013805547524533
0.03013805547524533
Next map 10:
Prev map 0:
0.0014521947397219612
0.0014521947397219612
0.0014521947397219612
0.0014521947397219612
5.10075863848246E-4
5.10075863848246E-4
5.10075863848246E-4
5.10075863848246E-4
0.003913734374234217
0.003913734374234217
0.003913734374234217
0.003913734374234217
0.004254290695129037
0.004254290695129037
0.004254290695129037
0.004254290695129037
0.0012238168396382784
0.0012238168396382784
0.0012238168396382784
0.0012238168396382784
Next map 11:
Prev map 0:
0.0013271185248345692
0.0013271185248345692
0.0013271185248345692
0.0013271185248345692
0.0024917519459757356
0.0024917519459757356
0.0024917519459757356
0.0024917519459757356
0.0048086881099754005
0.0048086881099754005
0.0048086881099754005
0.0048086881099754005
0.0012241271378209202
0.0012241271378209202
0.0012241271378209202
0.0012241271378209202
3.135098267975466E-4
3.135098267975466E-4
3.135098267975466E-4
3.135098267975466E-4
Next map 12:
Prev map 0:
0.0018454240756445618
0.0018454240756445618
0.0018454240756445618
0.0018454240756445618
8.937444954474456E-4
8.937444954474456E-4
8.937444954474456E-4
8.937444954474456E-4
0.00803932404223927
0.00803932404223927
0.00803932404223927
0.00803932404223927
0.0028190538540080073
0.0028190538540080073
0.0028190538540080073
0.0028190538540080073
0.039109552330991025
0.039109552330991025
0.039109552330991025
0.039109552330991025
Next map 13:
Prev map 0:
0.05001948863988142
0.05001948863988142
0.05001948863988142
0.05001948863988142
0.003768844304470911
0.003768844304470911
0.003768844304470911
0.003768844304470911
0.003163308742580915
0.003163308742580915
0.003163308742580915
0.003163308742580915
0.002359009007702359
0.002359009007702359
0.002359009007702359
0.002359009007702359
0.009141832977968672
0.009141832977968672
0.009141832977968672
0.009141832977968672
Next map 14:
Prev map 0:
0.013937050843982637
0.013937050843982637
0.013937050843982637
0.013937050843982637
0.006949767317566492
0.006949767317566492
0.006949767317566492
0.006949767317566492
0.012775139264223882
0.012775139264223882
0.012775139264223882
0.012775139264223882
0.0017152926320883216
0.0017152926320883216
0.0017152926320883216
0.0017152926320883216
0.0017557874852205063
0.0017557874852205063
0.0017557874852205063
0.0017557874852205063
Next map 15:
Prev map 0:
8.133784796477115E-4
8.133784796477115E-4
8.133784796477115E-4
8.133784796477115E-4
0.01006455842111055
0.01006455842111055
0.01006455842111055
0.01006455842111055
5.825948699172397E-4
5.825948699172397E-4
5.825948699172397E-4
5.825948699172397E-4
0.007306149161949975
0.007306149161949975
0.007306149161949975
0.007306149161949975
0.004494628691457332
0.004494628691457332
0.004494628691457332
0.004494628691457332
Next map 16:
Prev map 0:
0.008425079164948302
0.008425079164948302
0.008425079164948302
0.008425079164948302
0.012770150684005244
0.012770150684005244
0.012770150684005244
0.012770150684005244
5.221615405158417E-5
5.221615405158417E-5
5.221615405158417E-5
5.221615405158417E-5
0.0031765342520228136
0.0031765342520228136
0.0031765342520228136
0.0031765342520228136
0.0018302258450645496
0.0018302258450645496
0.0018302258450645496
0.0018302258450645496
Next map 17:
Prev map 0:
0.00983818439547818
0.00983818439547818
0.00983818439547818
0.00983818439547818
0.00722582233919407
0.00722582233919407
0.00722582233919407
0.00722582233919407
0.0010297779330247783
0.0010297779330247783
0.0010297779330247783
0.0010297779330247783
0.03465919365639623
0.03465919365639623
0.03465919365639623
0.03465919365639623
0.0038912554267089452
0.0038912554267089452
0.0038912554267089452
0.0038912554267089452
Next map 18:
Prev map 0:
0.021651132252977635
0.021651132252977635
0.021651132252977635
0.021651132252977635
0.0029122590169693174
0.0029122590169693174
0.0029122590169693174
0.0029122590169693174
7.951114221555584E-4
7.951114221555584E-4
7.951114221555584E-4
7.951114221555584E-4
0.0036075423947903545
0.0036075423947903545
0.0036075423947903545
0.0036075423947903545
7.683531334524275E-4
7.683531334524275E-4
7.683531334524275E-4
7.683531334524275E-4
Next map 19:
Prev map 0:
0.002082751946243592
0.002082751946243592
0.002082751946243592
0.002082751946243592
0.011579832250682539
0.011579832250682539
0.011579832250682539
0.011579832250682539
0.001926363013176579
0.001926363013176579
0.001926363013176579
0.001926363013176579
0.0024289670682858724
0.0024289670682858724
0.0024289670682858724
0.0024289670682858724
4.2960382584962233E-4
4.2960382584962233E-4
4.2960382584962233E-4
4.2960382584962233E-4
Next map 20:
Prev map 0:
0.03338501717099741
0.03338501717099741
0.03338501717099741
0.03338501717099741
0.006687960841884785
0.006687960841884785
0.006687960841884785
0.006687960841884785
0.016581067264697286
0.016581067264697286
0.016581067264697286
0.016581067264697286
0.025629802497588824
0.025629802497588824
0.025629802497588824
0.025629802497588824
4.472949957087947E-5
4.472949957087947E-5
4.472949957087947E-5
4.472949957087947E-5

Shared biases:
0.07901846353041447
0.02875903966321454
0.022407969407020768
0.27419933526883367
0.040582968144869724
0.05733385148610312
0.06283875846374998
0.04605834470301958
0.10901488480629241
0.07679196459748909
0.0421709624451428
0.06309092528033311
0.21524884742998196
0.09351062028224155
0.14519065059375091
0.03197409639183297
0.05663169870485642
0.15172836811175805
0.05072357770947014
0.04560537888321601
0.23305205998315864
