Shared weights:
Next map 0:
Prev map 0:
0.19483468897750145
0.057269301898197914
-0.22224712986828554
0.36359825095943504
-0.01391375361803865
-0.32854794735348913
-0.4796868865291103
-0.7125852023366276
-0.2346520834766129
-0.3267574637842912
-0.07315444380555747
0.1522856978762768
0.5095709681570878
0.22768050146290197
0.34403065705911123
-0.29734882674776103
-0.01774206688923715
-0.0032925671407872384
-0.2920830829118625
-0.4093298974476068
Next map 1:
Prev map 0:
-0.34562651897793534
-0.5959316552460415
0.2456236279691631
-0.3432420627035088
-0.3607767319935155
-0.022167051032460767
-0.5417239734371522
0.03907913650147974
0.9376074105108837
-0.46418358443246555
-0.642270596666122
-0.676465669347822
-0.17187282814528246
-0.23625917631039503
-0.23002307771185768
-0.7864628746556513
0.17616845855649205
0.3949922523277263
-0.5913710940167173
0.047619997689953716
Next map 2:
Prev map 0:
-0.32345519281457197
0.0325810625514848
-0.1825888966032136
-0.5410739878625388
0.4188658155896315
0.4459224197100979
0.25733448450704377
0.37092974039473686
-0.338943606570924
-0.01823661214380431
-0.0617525136575857
-0.3003426698306106
-0.003045318524879012
-0.2939131459346483
-0.47001951412987764
-0.01720625364350982
5.391156902007812E-4
-0.2533365311273198
-0.2205831690821573
-0.7193539794947235
Next map 3:
Prev map 0:
0.07740085709438102
0.14871796469191717
-0.031826246318726915
0.2847855558672266
0.46569792276511884
-0.17736262171930367
-0.5837142438928224
-0.3037796379123265
-0.2565057630962005
-0.09232104306964393
0.04520448184366519
0.0403312814370066
0.11658404106988408
0.26357726220509736
-0.4126344571463707
-0.2537377260556585
0.3172761516972911
-0.3718103971299784
-0.12952401987975273
-0.32733614368529823
Next map 4:
Prev map 0:
-0.5642521327099356
0.13419434084051754
-0.009441750790704504
-0.33441054238708307
0.055457043354997404
-0.0035686921599204164
0.2700428720014512
-0.012477038939210008
0.3959668046939794
0.0462900070955293
-0.13850748568276197
0.05010439802037829
-0.5518993424507109
-0.10303679908465777
-0.3795740327525257
-0.23786866956665562
-0.5579309493549444
-0.08781172162285278
0.3026284194391247
-0.1322643149447252
Next map 5:
Prev map 0:
0.23387477257903003
0.5988186768791559
-0.17186089934330243
0.1741584526544588
-0.4488241256079918
0.20703703392178338
-0.6662669508240951
-0.2930935169275982
0.03111496112614191
-0.41088704712411644
0.0441920091246137
-0.014141123825524491
-0.426719149984504
-0.31801109650721227
-0.9788514533234942
-0.6540845511604274
0.00827415728550826
-0.041717680689576396
0.42298700585898447
-0.29924993861458987
Next map 6:
Prev map 0:
-0.02648937820798386
0.15862065540255907
-0.45000815031954433
0.10379106581056073
0.6327180542971098
-0.4530228216735834
-0.4716002943919416
-0.0468309947695705
-0.529336472598471
-0.3976942510149316
-0.6240951749980272
-0.15161816209738432
0.23622378079648695
-0.3629246715949692
0.46172712310906594
-0.40225032657902793
-0.7226237941298181
0.03128418441846019
-0.4029770524772305
-0.4592186016829568
Next map 7:
Prev map 0:
0.14777445365533312
0.42311837563109755
-0.07307753774641207
-0.03232050957735774
-0.19811545791559143
-0.47427906974902206
0.1039260282473944
-0.39245752773143044
-0.43783048094154586
0.22592861252485655
-0.6731686102761408
-0.4363274217709717
-0.7428481182622394
0.5023026678954265
-0.3197721273351565
-0.3635889168240074
-0.47063530769573875
0.07027413401807787
-0.17505574320224396
-0.6532132949049733
Next map 8:
Prev map 0:
-0.28455718610778924
0.12978327179590624
0.2605420855066626
-0.7160265749928205
0.2614522993609029
-0.798381408530735
-0.193043571066617
0.026253948343923708
0.10387581291929841
-0.28738768038383644
0.2684674081204308
-0.19619471575456035
0.10989950422433381
-0.4361327761909382
-0.793184465650128
-0.16167581923140462
0.29222691926971167
0.8004390100767637
0.03468057439899247
-0.1177386346174285
Next map 9:
Prev map 0:
0.20245026118562437
0.8599089011712588
0.20040571831808285
-0.22927033296551272
-0.3939545991360811
0.1003644755778334
-0.13362871785025943
-0.2021605732172816
-0.41299442194840635
0.01460788454140971
-0.05649869672834731
-0.17871579970803114
0.1724900270363115
0.294761307199925
-0.36854084456849723
-0.22799317327446839
0.3178141617532358
-0.7210185094315567
-0.18323957977883823
-0.6174907422262443
Next map 10:
Prev map 0:
-0.271973239144104
0.1421063152124651
-0.18297228782739305
0.22117999700337942
-1.2112532779293772
-0.5282357617165526
-1.252740787251369
-0.6904173833464914
0.3522039763776506
0.652450529270054
0.49612884815525266
-0.2542439831940327
0.10614186126510465
0.19191601007853742
0.270111464133066
-0.5207446565148737
-0.3072231154485941
0.3340989688437189
-0.7676583234885923
-0.11674450796508254
Next map 11:
Prev map 0:
-0.14328550865580866
0.2978592169303833
-0.1997519618551238
0.10934355489556132
-0.37964294305289054
0.12468676261628124
-0.40018213051420654
-0.8088557161665552
0.07541267933998563
-0.3465183654137818
0.49436455544924773
0.08062704754887239
-0.45693610117058375
-0.6697459180155675
-0.07499141765084943
-0.03339967577691971
-0.6917532867243046
-0.033858055967914615
-0.0816898814550732
-0.4679721810945141
Next map 12:
Prev map 0:
-0.686093099738177
-0.5957376669597284
-0.42535227814756127
-0.14322748536475421
-0.10470543555457996
0.00250137875820675
0.517123291001177
-0.23119666839308262
-0.4269448977701312
-0.5172548322842726
-0.33440112076632733
-0.11250405279811955
-0.23153064347453436
-0.4788608824002826
0.14141667181148246
0.16924244085508025
0.32476350267619564
-0.4514562580587495
0.013009211825538568
-0.10743894535141568
Next map 13:
Prev map 0:
0.3896635555878976
-0.6859373897440113
-0.5481899021155776
-0.21663990832465674
-0.11403390381569736
-0.010302576469658398
0.06488490875235188
0.020824413650116468
-0.06356488342584424
-0.056728321885908546
0.3977260362594165
-0.41992744869098997
-0.36539127413219163
-0.35514221871268126
0.07676800587996732
0.1741750766414475
-0.017125662188536003
-0.4496308858116947
-0.3206233093477802
0.11930920279983678
Next map 14:
Prev map 0:
-0.30392840722447706
-0.8376696129678204
0.011452415247681659
-0.8235706269011266
-0.38508350554946075
-0.545048698653267
0.021465703176871926
-0.5568634949913064
-0.09413152167085521
-0.24537375476194873
-0.06039457525894638
0.11314104414920083
-0.021081583540724622
0.39556215319498367
-0.81235975400212
0.6560086615912161
-0.15974895208007608
0.11803005328597951
0.01519992443246317
0.5243385113855452
Next map 15:
Prev map 0:
-0.7049059473850662
-0.09839065381070682
-0.29046642441348014
-0.18977578759757885
0.49469772110255994
-0.2579316224649916
-0.2539056196481917
0.23115730684610544
-0.3922164752050973
-0.2676389718849833
0.2081925685565069
-0.29511813875397164
0.15664655746587436
0.08364892406577075
-0.724878070286253
-0.012102522328545936
0.005957069021332664
0.32393840454245626
-0.21178098831067607
-0.6148355921471306
Next map 16:
Prev map 0:
0.3067716851792329
-0.12976972586386645
0.37030408927238645
-0.13205887748012515
0.5491124204858852
-0.06636338064169318
0.04909276241438094
0.24421231224628293
-1.1352929093172612
-0.38221079526405194
-0.8691739296033842
-0.40348772309438147
-0.09481962020965269
-0.23313480788374494
-0.6464917479166669
0.2073965207796453
-0.2919253675545671
-0.15092799460127315
-0.061677218018327026
-0.2954872926953963
Next map 17:
Prev map 0:
-0.3675306731092637
-0.21867968257993708
-0.07909848717729125
-0.7201817451013334
-0.4163388903473073
-0.17810490194912076
0.053089386307176405
-0.38561564568280504
-0.2689288778702774
-0.20771126313365373
0.4586579747309705
-0.3280762711559171
0.22982809784750025
0.016342145474741478
0.293372042084379
-0.14574360624427335
-0.08942284880372701
-0.06136983903615524
0.2835393607306247
0.2418691303393717
Next map 18:
Prev map 0:
0.19296145702912837
-0.43835712996444687
-0.5260469869909039
-0.4062201455158496
-0.29113988838876936
-0.4825253947687208
-0.5339905651068672
0.07927360672589737
-0.21207103164333427
-0.035963958603638976
0.015149512205048248
-0.009560001657922366
-0.27098717620545354
0.024538990219112596
-0.2762050905930184
-0.3061780866278989
-0.1549372655657518
0.16350406433811113
-0.23307471579060426
0.4341636751022843
Next map 19:
Prev map 0:
-0.03673037660412537
-0.42781258966548563
0.1362451750742221
0.2360938424524975
0.4620140813812407
0.07228521531400631
-0.2954845013598055
0.12619867846245642
-0.09167329198588814
-0.11657586417195176
0.07780878209872472
-0.04892538808863703
-0.17995708791973528
-0.32352554092306657
-0.4881161017707889
0.11104337495242497
-0.6015894672904796
-0.4382768438340852
-0.5774899430813095
-0.09404732179514573
Next map 20:
Prev map 0:
-0.024370440348820188
-0.0629536537413784
-0.4761404788029355
-0.37622569848234305
-0.4789479631768229
-0.009156025045360963
-0.4100708528857077
0.24861618587044326
-0.4045536585453091
-0.5730117903954723
-0.5039400152337579
-0.35257402228820567
-0.028685928368934424
0.037463944647586095
-0.6289281151065264
-0.13515170010168945
-0.5971248807688684
-0.05405308203543125
0.06571052395057825
1.1473117389163225

Shared biases:
-0.11759492741245028
-0.24304479650222874
-0.0021834835412488864
-0.0869882204108691
-0.16640121887786613
0.0075109445158657515
-0.03236801706465752
-0.03788617285763062
-0.2684230150392462
-0.19491161538726695
-0.03317778262245589
-0.0021454204408563565
0.016836642862402967
-0.12681429864276203
-0.07152202126168838
-0.13412730807498655
0.04572569713918229
-0.045631186986466135
-6.174530580374756E-4
0.003595957748131249
-0.04173585366809718
